18
gcf_002022765 0.00000000 0.72237155 0.88658774 0.74474404 0.22334215 0.99629900 0.73687126 0.27704252 0.27342894 0.80427512 0.72377291 0.72997927 0.27191803 0.79486166 0.21838364 0.87065313 0.80547867 0.91746328 
gcf_002113885 0.72237155 0.00000000 0.84818185 0.72133287 0.71844157 0.92229051 0.17370548 0.72782859 0.70702439 0.77199591 0.22013949 0.16108473 0.73518408 0.73875352 0.72016758 0.83952259 0.76778637 0.85017401 
gcf_021730395 0.88658774 0.84818185 0.00000000 0.77925671 0.89893694 0.22693347 0.85025766 0.89287452 0.87582533 0.86898332 0.86159963 0.88117881 0.87694597 0.82154226 0.90103524 0.51853762 0.75053526 0.51913082 
gcf_021869535 0.74474404 0.72133287 0.77925671 0.00000000 0.72620141 0.85223721 0.70326648 0.72268842 0.68608066 0.05676951 0.69162167 0.70497967 0.68772026 0.05543379 0.72100467 0.83122969 0.62830014 0.90982184 
gcf_025612915 0.22334215 0.71844157 0.89893694 0.72620141 0.00000000 0.98724409 0.73085250 0.27370087 0.26687396 0.78908772 0.74736365 0.73207563 0.25921453 0.75260000 0.01072685 0.89180293 0.80446979 0.91458500 
gcf_026571515 0.99629900 0.92229051 0.22693347 0.85223721 0.98724409 0.00000000 0.91935392 0.94633816 0.93967784 0.92564313 0.92401596 0.94623670 0.97475354 0.91016967 0.97695797 0.54607509 0.74604826 0.56525056 
gcf_031769215 0.73687126 0.17370548 0.85025766 0.70326648 0.73085250 0.91935392 0.00000000 0.72400014 0.71143664 0.75233498 0.21647719 0.16546528 0.73271262 0.73851996 0.72865467 0.85590390 0.75611625 0.85525387 
gcf_032062105 0.27704252 0.72782859 0.89287452 0.72268842 0.27370087 0.94633816 0.72400014 0.00000000 0.08288370 0.76779130 0.72879700 0.73996198 0.22142769 0.73707987 0.26722967 0.89494404 0.82462819 0.92924927 
gcf_033153115 0.27342894 0.70702439 0.87582533 0.68608066 0.26687396 0.93967784 0.71143664 0.08288370 0.00000000 0.76437751 0.71178078 0.72379999 0.20686861 0.70466201 0.26070425 0.89889870 0.78733829 0.88992099 
gcf_036588685 0.80427512 0.77199591 0.86898332 0.05676951 0.78908772 0.92564313 0.75233498 0.76779130 0.76437751 0.00000000 0.73648132 0.77354801 0.77181321 0.03904001 0.78861560 0.86641493 0.73584313 0.99317012 
gcf_041381155 0.72377291 0.22013949 0.86159963 0.69162167 0.74736365 0.92401596 0.21647719 0.72879700 0.71178078 0.73648132 0.00000000 0.16910816 0.74187406 0.71482589 0.72599211 0.86644004 0.73681042 0.81067547 
gcf_902652985 0.72997927 0.16108473 0.88117881 0.70497967 0.73207563 0.94623670 0.16546528 0.73996198 0.72379999 0.77354801 0.16910816 0.00000000 0.75016452 0.73801401 0.72099345 0.87293226 0.76858225 0.87251522 
gcf_947568905 0.27191803 0.73518408 0.87694597 0.68772026 0.25921453 0.97475354 0.73271262 0.22142769 0.20686861 0.77181321 0.74187406 0.75016452 0.00000000 0.74174328 0.25740371 0.91202310 0.81243659 0.96185263 
gcf_963676685 0.79486166 0.73875352 0.82154226 0.05543379 0.75260000 0.91016967 0.73851996 0.73707987 0.70466201 0.03904001 0.71482589 0.73801401 0.74174328 0.00000000 0.74228619 0.87519798 0.64214956 0.98706200 
gcf_963853765 0.21838364 0.72016758 0.90103524 0.72100467 0.01072685 0.97695797 0.72865467 0.26722967 0.26070425 0.78861560 0.72599211 0.72099345 0.25740371 0.74228619 0.00000000 0.91056948 0.81393755 0.95275527 
gcf_026914265 0.87065313 0.83952259 0.51853762 0.83122969 0.89180293 0.54607509 0.85590390 0.89494404 0.89889870 0.86641493 0.86644004 0.87293226 0.91202310 0.87519798 0.91056948 0.00000000 0.85034120 0.44416649 
gcf_000327385 0.80547867 0.76778637 0.75053526 0.62830014 0.80446979 0.74604826 0.75611625 0.82462819 0.78733829 0.73584313 0.73681042 0.76858225 0.81243659 0.64214956 0.81393755 0.85034120 0.00000000 0.89117197 
gcf_020536995 0.91746328 0.85017401 0.51913082 0.90982184 0.91458500 0.56525056 0.85525387 0.92924927 0.88992099 0.99317012 0.81067547 0.87251522 0.96185263 0.98706200 0.95275527 0.44416649 0.89117197 0.00000000 
