18
gcf_000327385 0.00000000 0.79354032 0.79930115 0.91125169 0.77754951 0.72236023 0.89962950 0.76495242 0.79962180 0.73053899 0.70472322 0.75549681 0.77674479 0.75419595 0.67762820 0.76304342 0.72940730 0.67407535 
gcf_002022765 0.79354032 0.00000000 0.65636464 0.80988111 0.20808631 0.78260612 0.81796056 0.65246243 0.27429850 0.26274245 0.73186383 0.65887224 0.65386191 0.26458032 0.68959352 0.20677048 0.75565896 0.68588756 
gcf_002113885 0.79930115 0.65636464 0.00000000 0.79598384 0.64227445 0.74688549 0.80971594 0.17563186 0.65476242 0.62551945 0.71163186 0.22106437 0.16128115 0.62832389 0.69122034 0.62909355 0.73149706 0.69764691 
gcf_020536995 0.91125169 0.80988111 0.79598384 0.00000000 0.80364402 0.53290025 0.45226702 0.79597155 0.78459667 0.77852013 0.91941831 0.80331025 0.79602899 0.76319407 0.92988400 0.78300905 0.49435528 0.90333449 
gcf_025612915 0.77754951 0.20808631 0.64227445 0.80364402 0.00000000 0.75213770 0.80964019 0.64082958 0.26105280 0.24783295 0.69504776 0.64520807 0.64484303 0.24916565 0.67132770 0.01113225 0.73435162 0.67763919 
gcf_026571515 0.72236023 0.78260612 0.74688549 0.53290025 0.75213770 0.00000000 0.52305472 0.73401286 0.75256151 0.70744420 0.72459153 0.73486497 0.73683594 0.74427123 0.70290182 0.72972397 0.21522220 0.70193246 
gcf_026914265 0.89962950 0.81796056 0.80971594 0.45226702 0.80964019 0.52305472 0.00000000 0.81070168 0.85817129 0.80387390 0.91857368 0.80816967 0.80431716 0.79916682 0.87353093 0.79757217 0.48846226 0.87931657 
gcf_031769215 0.76495242 0.65246243 0.17563186 0.79597155 0.64082958 0.73401286 0.81070168 0.00000000 0.65227753 0.61615107 0.68440804 0.21910533 0.16247626 0.62720719 0.65702173 0.62765011 0.70666130 0.66743794 
gcf_032062105 0.79962180 0.27429850 0.65476242 0.78459667 0.26105280 0.75256151 0.85817129 0.65227753 0.00000000 0.08349909 0.68215784 0.65082372 0.64894429 0.22138606 0.65922969 0.25842463 0.72781012 0.66842670 
gcf_033153115 0.73053899 0.26274245 0.62551945 0.77852013 0.24783295 0.70744420 0.80387390 0.61615107 0.08349909 0.00000000 0.64898012 0.61702299 0.61879054 0.19895549 0.63518108 0.24738867 0.69049895 0.62896894 
gcf_036588685 0.70472322 0.73186383 0.71163186 0.91941831 0.69504776 0.72459153 0.91857368 0.68440804 0.68215784 0.64898012 0.00000000 0.69209356 0.69824579 0.68051826 0.03310823 0.68356480 0.75192103 0.05460778 
gcf_041381155 0.75549681 0.65887224 0.22106437 0.80331025 0.64520807 0.73486497 0.80816967 0.21910533 0.65082372 0.61702299 0.69209356 0.00000000 0.16943017 0.61390922 0.67412184 0.63858352 0.71004500 0.67731422 
gcf_902652985 0.77674479 0.65386191 0.16128115 0.79602899 0.64484303 0.73683594 0.80431716 0.16247626 0.64894429 0.61879054 0.69824579 0.16943017 0.00000000 0.62309626 0.67003225 0.63297401 0.72522699 0.67647788 
gcf_947568905 0.75419595 0.26458032 0.62832389 0.76319407 0.24916565 0.74427123 0.79916682 0.62720719 0.22138606 0.19895549 0.68051826 0.61390922 0.62309626 0.00000000 0.63614065 0.24769675 0.69287909 0.65453784 
gcf_963676685 0.67762820 0.68959352 0.69122034 0.92988400 0.67132770 0.70290182 0.87353093 0.65702173 0.65922969 0.63518108 0.03310823 0.67412184 0.67003225 0.63614065 0.00000000 0.65898654 0.71734296 0.05353248 
gcf_963853765 0.76304342 0.20677048 0.62909355 0.78300905 0.01113225 0.72972397 0.79757217 0.62765011 0.25842463 0.24738867 0.68356480 0.63858352 0.63297401 0.24769675 0.65898654 0.00000000 0.70941838 0.66306832 
gcf_021730395 0.72940730 0.75565896 0.73149706 0.49435528 0.73435162 0.21522220 0.48846226 0.70666130 0.72781012 0.69049895 0.75192103 0.71004500 0.72522699 0.69287909 0.71734296 0.70941838 0.00000000 0.70137859 
gcf_021869535 0.67407535 0.68588756 0.69764691 0.90333449 0.67763919 0.70193246 0.87931657 0.66743794 0.66842670 0.62896894 0.05460778 0.67731422 0.67647788 0.65453784 0.05353248 0.66306832 0.70137859 0.00000000 
